# R (km)    mas (Msun)    Lambda 
 1.704986e+01 2.301174e-01 6.732368e+06 
 1.634231e+01 2.539399e-01 4.144159e+06 
 1.580789e+01 2.781322e-01 2.642117e+06 
 1.537621e+01 3.029443e-01 1.731426e+06 
 1.502303e+01 3.285717e-01 1.156955e+06 
 1.473109e+01 3.548985e-01 7.879882e+05 
 1.448597e+01 3.817747e-01 5.466512e+05 
 1.427993e+01 4.092516e-01 3.855434e+05 
 1.410434e+01 4.372165e-01 2.762548e+05 
 1.395380e+01 4.655987e-01 2.007862e+05 
 1.382334e+01 4.942832e-01 1.480190e+05 
 1.370956e+01 5.231380e-01 1.106383e+05 
 1.361027e+01 5.520271e-01 8.377735e+04 
 1.352031e+01 5.808816e-01 6.422625e+04 
 1.344054e+01 6.098482e-01 4.976363e+04 
 1.336814e+01 6.387563e-01 3.895559e+04 
 1.330345e+01 6.674615e-01 3.082007e+04 
 1.324319e+01 6.958871e-01 2.463011e+04 
 1.318798e+01 7.240361e-01 1.985918e+04 
 1.313578e+01 7.518958e-01 1.614731e+04 
 1.308686e+01 7.794713e-01 1.322491e+04 
 1.304006e+01 8.067734e-01 1.090788e+04 
 1.299565e+01 8.337704e-01 9.056165e+03 
 1.295364e+01 8.604840e-01 7.562651e+03 
 1.291198e+01 8.869137e-01 6.349796e+03 
 1.287182e+01 9.131203e-01 5.356380e+03 
 1.283228e+01 9.391795e-01 4.536055e+03 
 1.279336e+01 9.651530e-01 3.853918e+03 
 1.275479e+01 9.911088e-01 3.283100e+03 
 1.271684e+01 1.017112e+00 2.802844e+03 
 1.267862e+01 1.043224e+00 2.396701e+03 
 1.264102e+01 1.069514e+00 2.051934e+03 
 1.260253e+01 1.096143e+00 1.757383e+03 
 1.256351e+01 1.123145e+00 1.504842e+03 
 1.252422e+01 1.150636e+00 1.287602e+03 
 1.248439e+01 1.178654e+00 1.100589e+03 
 1.244456e+01 1.207361e+00 9.393914e+02 
 1.240447e+01 1.236822e+00 8.002928e+02 
 1.236322e+01 1.267104e+00 6.803244e+02 
 1.232109e+01 1.298206e+00 5.772146e+02 
 1.227930e+01 1.330123e+00 4.887729e+02 
 1.223752e+01 1.362957e+00 4.129149e+02 
 1.219432e+01 1.396882e+00 3.477392e+02 
 1.215111e+01 1.431748e+00 2.921840e+02 
 1.210764e+01 1.466959e+00 2.453802e+02 
 1.206505e+01 1.502889e+00 2.060517e+02 
 1.202220e+01 1.539447e+00 1.728702e+02 
 1.197934e+01 1.576557e+00 1.449486e+02 
 1.193710e+01 1.613958e+00 1.215953e+02 
 1.189487e+01 1.651410e+00 1.021385e+02 
 1.185298e+01 1.688655e+00 8.597569e+01 
 1.181225e+01 1.725584e+00 7.257767e+01 
 1.177268e+01 1.761890e+00 6.148690e+01 
 1.173283e+01 1.797327e+00 5.231737e+01 
 1.169387e+01 1.831664e+00 4.474137e+01 
 1.165580e+01 1.864745e+00 3.847049e+01 
 1.161862e+01 1.896501e+00 3.327219e+01 
 1.158232e+01 1.926670e+00 2.895228e+01 
 1.154691e+01 1.955400e+00 2.535714e+01 
 1.151176e+01 1.982030e+00 2.237760e+01 
 1.147812e+01 2.006768e+00 1.989749e+01 
 1.144652e+01 2.029682e+00 1.782313e+01 
 1.141635e+01 2.051659e+00 1.604685e+01 
 1.138564e+01 2.070850e+00 1.458373e+01 
 1.135723e+01 2.088382e+00 1.334508e+01 
 1.132883e+01 2.104175e+00 1.229514e+01 
 1.130335e+01 2.118796e+00 1.139447e+01 
 1.127814e+01 2.131570e+00 1.062790e+01 
 1.125382e+01 2.143113e+00 9.968991e+00 
 1.123039e+01 2.153357e+00 9.397965e+00 
 1.120837e+01 2.162542e+00 8.900729e+00 
 1.118725e+01 2.171196e+00 8.458622e+00 
 1.116700e+01 2.178585e+00 8.072091e+00 
 1.114703e+01 2.185334e+00 7.728445e+00 
 1.112795e+01 2.191339e+00 7.420037e+00 
 1.110913e+01 2.196866e+00 7.139751e+00 
 1.109093e+01 2.201810e+00 6.884637e+00 
 1.107326e+01 2.206730e+00 6.645935e+00 
 1.105533e+01 2.210834e+00 6.428160e+00 
 1.103713e+01 2.214726e+00 6.224226e+00 
 1.101920e+01 2.218204e+00 6.032781e+00 
 1.100127e+01 2.221508e+00 5.851188e+00 
 1.098191e+01 2.224424e+00 5.678362e+00 
 1.096398e+01 2.228233e+00 5.497199e+00 
 1.094578e+01 2.231145e+00 5.334653e+00 
 1.092554e+01 2.233397e+00 5.182304e+00 
 1.090530e+01 2.235566e+00 5.033623e+00 
 1.088479e+01 2.237403e+00 4.889849e+00 
 1.086339e+01 2.239153e+00 4.749923e+00 
 1.084084e+01 2.240683e+00 4.615056e+00 
 1.081803e+01 2.241923e+00 4.483803e+00 
 1.079521e+01 2.243373e+00 4.350521e+00 
 1.077035e+01 2.244183e+00 4.224779e+00 
 1.074638e+01 2.244933e+00 4.103826e+00 
 1.072152e+01 2.245348e+00 3.989788e+00 
 1.069755e+01 2.245664e+00 3.881224e+00 
 1.067358e+01 2.245704e+00 3.779597e+00 
 1.064961e+01 2.245703e+00 3.682676e+00 
 1.062591e+01 2.245384e+00 3.591685e+00 
 1.060220e+01 2.245242e+00 3.502830e+00 
 1.057939e+01 2.244805e+00 3.420470e+00 
 1.055630e+01 2.244121e+00 3.342883e+00 
 1.053375e+01 2.243442e+00 3.268574e+00 
 1.051182e+01 2.242534e+00 3.198434e+00 
 1.048927e+01 2.241466e+00 3.131978e+00 
 1.046734e+01 2.240475e+00 3.067806e+00 
 1.044568e+01 2.239269e+00 3.007336e+00 
 1.042428e+01 2.238294e+00 2.946992e+00 
 1.040351e+01 2.236868e+00 2.892099e+00 
 1.038273e+01 2.235408e+00 2.839807e+00 
 1.036134e+01 2.233946e+00 2.789150e+00 
 1.034083e+01 2.232289e+00 2.741590e+00 
 1.032032e+01 2.230572e+00 2.695942e+00 
 1.030070e+01 2.228906e+00 2.651765e+00 
 1.028107e+01 2.227068e+00 2.610015e+00 
 1.026057e+01 2.225825e+00 2.561690e+00 
 1.024121e+01 2.223876e+00 2.523461e+00 
 1.022186e+01 2.221990e+00 2.486353e+00 
 1.020250e+01 2.219948e+00 2.451230e+00 
 1.018404e+01 2.217863e+00 2.417661e+00 
 1.016557e+01 2.215852e+00 2.384677e+00 
 1.014737e+01 2.213915e+00 2.351588e+00 
 1.012917e+01 2.211720e+00 2.321886e+00 
 1.011070e+01 2.209604e+00 2.292603e+00 
 1.009339e+01 2.207348e+00 2.265192e+00 
 1.007545e+01 2.205063e+00 2.238755e+00 
 1.005814e+01 2.202753e+00 2.213413e+00 
 1.004109e+01 2.200529e+00 2.188259e+00 
 1.002467e+01 2.198174e+00 2.164795e+00 
 1.000762e+01 2.195796e+00 2.142126e+00 
 9.990576e+00 2.193400e+00 2.120392e+00 
 9.974416e+00 2.191090e+00 2.098726e+00 
 9.958257e+00 2.188660e+00 2.078584e+00 
 9.942365e+00 2.186215e+00 2.059051e+00 
 9.926206e+00 2.183941e+00 2.038420e+00 
 9.910314e+00 2.181518e+00 2.019806e+00 
 9.895309e+00 2.179037e+00 2.002419e+00 
 9.879418e+00 2.176545e+00 1.985544e+00 
 9.864413e+00 2.174050e+00 1.969315e+00 
 9.849407e+00 2.171637e+00 1.952996e+00 
 9.834670e+00 2.169124e+00 1.937921e+00 
 9.820551e+00 2.166610e+00 1.923344e+00 
 9.805814e+00 2.164031e+00 1.909396e+00 
 9.791077e+00 2.161504e+00 1.895858e+00 
 9.777226e+00 2.159065e+00 1.882049e+00 
 9.763375e+00 2.156533e+00 1.869429e+00 
 9.749524e+00 2.154002e+00 1.857202e+00 
 9.735673e+00 2.151416e+00 1.845630e+00 
 9.722090e+00 2.148962e+00 1.833578e+00 
 9.709126e+00 2.146432e+00 1.822558e+00 
 9.695543e+00 2.143899e+00 1.811953e+00 
 9.681959e+00 2.141320e+00 1.801869e+00 
 9.668995e+00 2.138792e+00 1.791984e+00 
 9.656566e+00 2.136270e+00 1.782401e+00 
 9.643870e+00 2.133830e+00 1.772570e+00 
 9.631173e+00 2.131265e+00 1.763815e+00 
 9.619363e+00 2.128764e+00 1.755267e+00 
 9.606934e+00 2.126259e+00 1.746921e+00 
 9.594505e+00 2.123723e+00 1.739119e+00 
 9.582695e+00 2.121304e+00 1.730767e+00 
 9.571152e+00 2.118832e+00 1.723298e+00 
 9.559610e+00 2.116316e+00 1.716317e+00 
 9.548068e+00 2.113859e+00 1.709355e+00 
 9.535907e+00 2.111410e+00 1.702638e+00 
 9.525251e+00 2.108900e+00 1.696351e+00 
 9.513708e+00 2.106535e+00 1.689510e+00 
 9.502434e+00 2.104043e+00 1.683644e+00 
 9.491778e+00 2.101603e+00 1.677820e+00 
 9.480503e+00 2.099173e+00 1.672174e+00 
 9.470115e+00 2.096705e+00 1.666947e+00 
 9.459459e+00 2.094290e+00 1.661703e+00 
 9.448184e+00 2.091897e+00 1.656322e+00 
 9.437796e+00 2.089499e+00 1.651443e+00 
 9.427408e+00 2.087091e+00 1.646733e+00 
 9.417288e+00 2.084664e+00 1.642447e+00 
 9.407786e+00 2.082287e+00 1.638135e+00 
 9.397398e+00 2.079861e+00 1.634169e+00 
 9.387277e+00 2.077505e+00 1.630161e+00 
 9.377776e+00 2.075152e+00 1.625929e+00 
 9.367655e+00 2.072815e+00 1.622240e+00 
 9.358154e+00 2.070426e+00 1.618897e+00 
 9.348033e+00 2.068106e+00 1.615522e+00 
 9.338799e+00 2.065737e+00 1.612461e+00 
 9.329565e+00 2.063439e+00 1.609333e+00 
 9.320331e+00 2.061110e+00 1.606573e+00 
 9.311098e+00 2.058861e+00 1.603126e+00 
 9.301864e+00 2.056552e+00 1.600635e+00 
 9.288013e+00 2.054047e+00 1.588936e+00 
 9.279047e+00 2.051790e+00 1.586415e+00 
 9.269813e+00 2.049482e+00 1.584249e+00 
 9.261465e+00 2.047246e+00 1.581959e+00 
 9.252499e+00 2.044960e+00 1.580011e+00 
 9.244152e+00 2.042786e+00 1.577358e+00 
 9.235185e+00 2.040542e+00 1.575628e+00 
 9.227106e+00 2.038288e+00 1.574019e+00 
 9.218140e+00 2.036105e+00 1.572259e+00 
 9.210060e+00 2.033894e+00 1.570845e+00 
 9.201713e+00 2.031711e+00 1.569288e+00 
